1056311
3075474
3863911
7696921
12405063
19614780
21877620
24270826
28462152
29543912
30383286
38454165
41940831
44037314
45093810
46429676
48246389
48697161
48697161
48697161
48697161
48697161
48697161
48697161
48697161
48697161
48697161
48697161
48697161
48697161
48697161
48697161
48697161
48697161
48697161
48697161
48697161
48697161
48697161
48697161
48697161
48697161
48697161
48697161
48697161
48697161
48697161
48697161
48697161
48697161
48697161
48697161
48697161
48697161
48697161
48697161
48697161
48697161
48697161
48697161
48697161
48697161
48697161
48697161
48697161
48697161
48697161
48697161
48697161
48697161
48697161
48697161
48697161
48697161
48697161
48697161
48697161
48697161
48697161
48697161
48697161
48697161
48697161
48697161
48697161
48697161
48697161
48697161
48697161
48697161
48697161
48697161
48697161
48697161
48697161
48697161
48697161
48697161
48697161
48697161
48697161
48697161
48697161
48697161
48697161
48697161
48697161
48697161
48697161
48697161
48697161
48697161
48697161
48697161
48697161
48697161
48697161
48697161
48697161
48697161
48697161
48697161
48697161
48697161
48697161
48697161
48697161
48697161
48697161
48697161
48697161
48697161
48697161
48697161
48697161
48697161
48697161
48697161
48697161
48697161
48697161
48697161
48697161
48697161
48697161
48697161
48697161
48697161
48697161
48697161
48697161
48697161
48697161
48697161
48697161
48697161
48697161
48697161
48697161
48697161
48697161
48697161
48697161
48697161
48697161
48697161
48697161
48697161
48697161
48697161
48697161
48697161
48697161
48697161
48697161
48697161
48697161
48697161
48697161
48697161
48697161
48697161
48697161
48697161
48697161
48697161
48697161
48697161
48697161
48697161
48697161
48697161
48697161
48697161
48697161
48697161
48697161
48697161
48697161
48697161
48697161
48697161
48697161
48697161
48697161
48697161
48697161
48697161
48697161
48697161
48697161
48697161
48697161
48697161
48697161
48697161
48697161
48697161
48697161
48697161
48697161
48697161
48697161
48697161
48697161
48697161
48697161
48697161
48697161
48697161
48697161
48697161
48697161
48697161
48697161
48697161
48697161
48697161
48697161
48697161
48697161
48697161
48697161
48697161
48697161
48697161
48697161
48697161
48697161
48697161
48697161
48697161
48697161
48697161
48697161
48697161
48697161
48697161
48697161
48697161
48697161
48697161
48697161
48697161
48697161
48697161
48697161
48697161
48697161
48697161
48697161
48697161
48697161
48697161
48697161
48697161
48697161
48697161
48697161
48697161
48697161
48697161
48697161
48697161
48697161
48697161
48697161
48697161
48697161
48697161
48697161
48697161
48697161
48697161
48697161
48697161
48697161
48697161
48697161
48697161
48697161
48697161
48697161
48697161
48697161
48697161
48697161
48697161
48697161
48697161
48697161
48697161
48697161
48697161
48697161
48697161
48697161
48697161
48697161
48697161
48697161
48697161
48697161
48697161
48697161
48697161
48697161
48697161
48697161
48697161
48697161
48697161
48697161
48697161
48697161
48697161
48697161
48697161
48697161
48697161
48697161
48697161
48697161
48697161
48697161
48697161
48697161
48697161
48697161
48697161
48697161
48697161
48697161
48697161
48697161
48697161
48697161
48697161
48697161
48697161
48697161
48697161
48697161
48697161
48697161
48697161
48697161
48697161
48697161
48697161
48697161
48697161
48697161
48697161
48697161
48697161
48697161
48697161
48697161
48697161
48697161
48697161
48697161
48697161
48697161
48697161
48697161
48697161
48697161
48697161
48697161
48697161
48697161
48697161
48697161
48697161
48697161
48697161
48697161
48697161
48697161
48697161
48697161
48697161
48697161
48697161
48697161
48697161
48697161
48697161
48697161
48697161
48697161
48697161
48697161
48697161
48697161
48697161
48697161
48697161
48697161
48697161
48697161
48697161
48697161
48697161
48697161
48697161
48697161
48697161
48697161
48697161
48697161
48697161
48697161
48697161
48697161
48697161
48697161
48697161
48697161
48697161
48697161
48697161
48697161
48697161
48697161
48697161
48697161
48697161
48697161
48697161
48697161
48697161
48697161
48697161
48697161
48697161
48697161
48697161
48697161
48697161
48697161
48697161
48697161
48697161
48697161
48697161
48697161
48697161
48697161
48697161
48697161
48697161
48697161
48697161
48697161
48697161
48697161
48697161
48697161
48697161
48697161
48697161
48697161
48697161
48697161
48697161
48697161
48697161
48697161
48697161
48697161
48697161
48697161
48697161
48697161
48697161
48697161
48697161
48697161
48697161
48697161
48697161
48697161
48697161
48697161
48697161
48697161
48697161
48697161
48697161
48697161
48697161
48697161
48697161
48697161
48697161
48697161
48697161
48697161
48697161
48697161
48697161
48697161
48697161
48697161
48697161
48697161
48697161
48697161
48697161
48697161
48697161
48697161
48697161
48697161
48697161
48697161
48697161
48697161
48697161
48697161
48697161
48697161
48697161
48697161
48697161
48697161
48697161
48697161
48697161
48697161
48697161
48697161
48697161
48697161
48697161
48697161
48697161
48697161
48697161
48697161
48697161
48697161
48697161
48697161
48697161
48697161
48697161
48697161
48697161
48697161
48697161
48697161
48697161
48697161
48697161
48697161
48697161
48697161
48697161
48697161
48697161
48697161
48697161
48697161
48697161
48697161
48697161
48697161
48697161
48697161
48697161
48697161
48697161
48697161
48697161
48697161
48697161
48697161
48697161
48697161
48697161
48697161
48697161
48697161
48697161
48697161
48697161
48697161
48697161
48697161
48697161
48697161
48697161
48697161
48697161
48697161
48697161
48697161
48697161
48697161
48697161
48697161
48697161
48697161
48697161
48697161
48697161
48697161
48697161
48697161
48697161
48697161
48697161
48697161
48697161
48697161
48697161
48697161
48697161
48697161
48697161
48697161
48697161
48697161
48697161
48697161
48697161
48697161
48697161
48697161
48697161
48697161
48697161
48697161
48697161
48697161
48697161
48697161
48697161
48697161
48697161
48697161
48697161
48697161
48697161
48697161
48697161
48697161
48697161
48697161
48697161
48697161
48697161
48697161
48697161
48697161
48697161
48697161
48697161
48697161
48697161
48697161
48697161
48697161
48697161
48697161
48697161
48697161
48697161
48697161
48697161
48697161
48697161
48697161
48697161
48697161
48697161
48697161
48697161
48697161
48697161
48697161
48697161
48697161
48697161
48697161
48697161
48697161
48697161
48697161
48697161
48697161
48697161
48697161
48697161
48697161
48697161
48697161
48697161
48697161
48697161
48697161
48697161
48697161
48697161
48697161
48697161
48697161
48697161
48697161
48697161
48697161
48697161
48697161
48697161
48697161
48697161
48697161
48697161
48697161
48697161
48697161
48697161
48697161
48697161
48697161
48697161
48697161
48697161
48697161
48697161
48697161
48697161
48697161
48697161
48697161
48697161
48697161
48697161
48697161
48697161
48697161
48697161
48697161
48697161
48697161
48697161
48697161
48697161
48697161
48697161
48697161
48697161
48697161
48697161
48697161
48697161
48697161
48697161
48697161
48697161
48697161
48697161
48697161
48697161
48697161
48697161
48697161
48697161
48697161
48697161
48697161
48697161
48697161
48697161
48697161
48697161
48697161
48697161
48697161
48697161
48697161
48697161
48697161
48697161
48697161
48697161
48697161
48697161
48697161
48697161
48697161
48697161
48697161
48697161
48697161
48697161
48697161
48697161
48697161
48697161
48697161
48697161
48697161
48697161
48697161
48697161
48697161
48697161
48697161
48697161
48697161
48697161
48697161
48697161
48697161
48697161
48697161
48697161
48697161
48697161
48697161
48697161
48697161
48697161
48697161
48697161
48697161
48697161
48697161
48697161
48697161
48697161
48697161
48697161
48697161
48697161
48697161
48697161
48697161
48697161
48697161
48697161
48697161
48697161
48697161
48697161
48697161
48697161
48697161
48697161
48697161
48697161
48697161
48697161
48697161
48697161
48697161
48697161
48697161
48697161
48697161
48697161
48697161
48697161
48697161
48697161
48697161
48697161
48697161
48697161
48697161
48697161
48697161
48697161
48697161
48697161
48697161
48697161
48697161
48697161
48697161
48697161
48697161
48697161
48697161
48697161
48697161
48697161
48697161
48697161
48697161
48697161
48697161
48697161
48697161
48697161
48697161
48697161
48697161
48697161
48697161
48697161
48697161
48697161
48697161
48697161
48697161
48697161
48697161
48697161
48697161
48697161
48697161
48697161
48697161
48697161
48697161
48697161
48697161
48697161
48697161
48697161
48697161
48697161
48697161
48697161
48697161
48697161
48697161
48697161
48697161
48697161
48697161
48697161
48697161
48697161
48697161
48697161
48697161
48697161
48697161
48697161
48697161
48697161
48697161
48697161
48697161
48697161
48697161
48697161
48697161
48697161
48697161
48697161
48697161
48697161
48697161
48697161
48697161
48697161
48697161
48697161
48697161
48697161
517900382
517900382
517900382
517900382
517900382
517900382
517900382
1276075105
1334149950
1573378124
1573378124
1573378124
