1056311
3863911
3075474
7696921
19614780
12405063
24270826
21877620
28462152
29543912
30383286
41940831
38454165
44037314
45093810
46429676
48246389
54418813
48697161
54419595
55580168
56071080
60369459
61627956
63404517
64413874
65525117
64576784
69010029
66263378
70833721
70531885
77450834
77032906
82358126
84272436
84583586
87123457
88361915
88576343
90236639
90380553
94503690
91201101
96488957
96040991
98596498
99726999
104131903
100688197
106517615
104522472
107345832
110939411
111131934
111001562
120484954
120919011
124044084
132033543
127515453
133619606
138426559
134302097
144414259
143100343
145475361
145917012
145916889
152231849
153497692
159770268
155391066
161332305
164170118
169038053
166430703
169413581
172236318
172854940
173450643
174881409
175109600
176188133
176165911
178934212
179221225
181438094
181807124
191261855
191584513
197509622
203557813
200213920
206322481
207481542
214583761
211052305
215244027
216399349
216477440
221484164
218066288
222682172
224084493
224589105
224162717
225933397
226069256
230940383
237769472
243991416
239228174
246849683
250522684
250644260
251396179
253579802
253065458
255639529
257773941
257891658
263367035
264142902
265591906
270118444
271063684
271807844
282200495
277817724
285268060
286347813
285399444
286695891
286846734
288015777
287359820
290024945
299330260
298925803
309771917
317381568
315802568
318018491
320053404
318647807
320229547
326091819
325385661
329374859
328776510
332403864
330431170
334635598
335885426
340842728
342058709
343432930
344530735
344137769
351678170
344878516
354154644
351728951
354846044
358077446
357202969
359374152
360013835
360998095
360014299
363335710
364519213
369107160
367201659
372006563
370023409
376251154
377979531
382573905
381558728
387384088
385179603
387817445
388819286
389255650
390001322
393575190
397698243
396604157
398169089
405809416
403194404
407817745
408892493
408283033
410211343
410942452
410285103
412678817
416579067
418724406
420384608
420410968
421448795
425798540
428117507
431218251
432714112
439921888
432949866
440538358
441565147
440734277
441786555
450015636
444582566
454143832
456163849
459495833
458376516
466111375
462236640
471694683
469511506
474713116
473808150
477327413
479244404
481431686
481437535
483479731
485295598
483943071
486026795
486840797
487805259
489000802
493262979
489963127
493705839
496314742
495342149
503145892
499630005
505935348
505381451
506597082
507371527
512243708
510039148
515166735
512731793
515583459
515564886
517900382
518968370
518285491
522267057
527924093
525183421
528343435
531906448
532025455
533340033
538762352
537647877
542473311
541560002
546396254
545959037
549593586
548974522
551492160
549663262
553444657
555590879
556805587
556041503
557161038
561450361
559744018
564110619
567639109
569981611
568155610
572712394
577007613
574345888
581031505
583658497
588447874
598293823
589404966
598682435
600603549
601976422
604244781
606364283
611631279
613523734
614610844
614185755
619880775
617686318
620930737
621252041
627566052
627044420
629741987
628425403
630373997
639371287
638615617
641701778
642597640
643129661
643864828
643627707
644675521
656108363
646622397
659413663
670090200
669613578
671763092
672880134
673450066
675050030
676641340
675333044
677234866
680473092
678366494
680829030
688378350
687541704
689353540
689813890
690436216
693388781
699533377
701727137
701961830
702323041
704590782
708389885
705594408
710174472
721978744
717424974
722353919
722307724
723766161
727385093
729888664
737447591
729947592
740773121
746999873
747882483
747033985
749073983
751790474
753808048
755430355
756153012
757341334
759010378
760292933
762477839
763111874
764314887
771954324
771174891
772120938
783223808
775869506
784195054
785269272
786953893
790835333
796281176
794762184
800110855
805132225
800908195
805330552
811549862
810248632
812342504
818082851
812405775
818565655
819385885
819456803
819907704
825538441
821182785
826790410
828414087
830922574
831223068
836358216
833017997
837527374
837511290
840338359
841372706
842161335
845739588
842915311
851165888
852821874
853309754
859431853
855395726
865289432
859716093
870470384
866448953
875306794
876271051
878330911
877003171
879889206
883752089
885738001
888150579
885848036
889222886
891476305
892714185
892611898
894483831
896613206
904903118
898679541
911477064
906145769
919290537
913375346
920734461
923159272
926223398
930060913
926835445
931483542
932654676
937400466
940546609
938506347
941930576
942564532
945303339
943641699
945927599
946576679
949086014
952558862
953499770
956731883
956744087
960621497
958176267
964844090
963705452
966011845
966427405
970498037
967057232
972099652
974544977
973899442
974646056
981261866
980332169
981948325
981567876
990866327
988792998
995265628
992097188
996631598
1001277497
997448733
1002192901
1003108208
1003668668
1010481107
1015078074
1014220315
1015215652
1018779575
1019716031
1023013948
1026203012
1028586987
1029919657
1028759885
1031101997
1033893437
1037604157
1034619987
1040029815
1039569243
1040920396
1054750557
1061601222
1060400487
1063224489
1063188768
1063950716
1064399475
1066026787
1066446508
1066734194
1072648777
1068313210
1078561477
1073680797
1081277725
1080059168
1083790023
1083383407
1090383978
1090475167
1091204963
1096532699
1093484431
1099477772
1099627658
1103120075
1108045861
1103889478
1109902935
1108838855
1112267557
1111201413
1112344294
1113615948
1118567615
1118834510
1123058334
1120998486
1124051522
1124386029
1130785172
1127163706
1133241535
1130828996
1135310358
1137414378
1137993086
1145045964
1153599444
1145681377
1155097294
1156901108
1165143273
1158713121
1165872174
1166223644
1167628893
1168811128
1176772823
1179397010
1181740035
1184094298
1181951552
1184467444
1184468379
1185253045
1188903844
1185717298
1191808076
1189981442
1192260902
1194925167
1193643132
1195767556
1199465559
1197386981
1208454476
1212651206
1212692761
1220231886
1221131424
1224059723
1222697194
1225453616
1227358255
1226917752
1238359431
1228626467
1238906676
1238858713
1245056616
1248011818
1245531075
1252927264
1254497666
1255326066
1262981874
1255358571
1268401331
1264821121
1270250235
1268861436
1273626867
1273743869
1289781859
1276075105
1290994054
1293408377
1297156402
1303015851
1303539295
1305075032
1305170054
1305424027
1312008387
1315981530
1319938429
1316171416
1321121804
1323665948
1329084161
1324703547
1331213952
1330690130
1335761888
1334149950
1340150001
1347067004
1341923691
1356018979
1361533167
1364707959
1365932958
1369930287
1374331802
1381319857
1388631418
1384464999
1389787447
1391225123
1392445415
1391626973
1392596427
1394268745
1398971550
1396772021
1399078184
1400995048
1400056293
1401019455
1404513826
1402217583
1404582481
1408176784
1410386699
1411789906
1412087374
1412902244
1414547565
1414718579
1415299781
1416702537
1426271987
1427024882
1427835441
1429398086
1436484206
1431088082
1438566318
1443033836
1451079382
1450747392
1454073371
1452828032
1455423901
1457600058
1457966120
1458820387
1459634562
1458867336
1467303906
1460737250
1468514138
1471382536
1473051304
1473961703
1474280039
1474228005
1479100548
1480331691
1480740898
1491532917
1482264902
1492485824
1495351241
1500720854
1501431844
1501060991
1503194100
1502136336
1506507066
1504725968
1506535728
1515314156
1517025543
1517357228
1517691032
1520126624
1520310447
1521954798
1522312978
1525183403
1527709677
1527567285
1531357257
1532517318
1538503500
1534993975
1538650780
1542705463
1544258942
1543121782
1545396994
1545483510
1547184411
1550004035
1559913796
1555643930
1564292337
1560811238
1567897983
1569033654
1571747348
1573378124
1574034521
1573641848
1579535580
1577760076
1582332307
1582550660
1586110288
1585380127
1591877673
1588009246
1596398994
1595815966
1605036745
1603523579
1606075115
1605530536
1607578606
1607295779
1610705281
1612367538
1613699682
1615339901
1617634913
1616010556
1619710819
1620805211
1627088711
1622527725
1629779662
1628157477
1630401922
1636268657
1631120400
1638773632
1640664998
1640589332
1640768713
1646362789
1650623125
1648676248
1653306091
1657461348
1659637155
1658981715
1663932393
1672638867
1665190464
1688270615
1675714341
1689105003
1694799005
1698421048
1696897931
1699252667
1699645254
1705210253
1704128881
1707131295
1708516716
1709478168
1712290643
1712659090
1714890294
1713877825
1717021508
1717588033
1717037021
1722900923
1723356388
1724114016
1723890126
1724695706
1726472682
1726764834
1726560069
1727190590
1729773964
1728069733
1732177675
1734102874
1739031806
1745809309
1757217917
1752146038
1757480980
1761346874
1766275309
1765739299
1766990066
1773853052
1779784072
1784582129
1784685474
1784735667
1786787363
1785014406
1790003923
1792345808
1791475737
1792915193
1800392427
1796378941
1800597122
1800647751
1801846225
1801379436
1804845610
1806763479
1809189626
1811997825
1809623148
1812646811
1812737898
1816189949
1813648910
1819739194
1825816381
1828504627
1835697268
1832248528
1851359152
1838792934
1853398766
1857203020
1858164668
1860318047
1858637449
1866450099
1865796169
1867462679
1866506064
1867653945
1868130249
1868558343
1870877998
1868929953
1871026279
1873217509
1872574489
1873223301
1876356491
1877451213
1889514524
1884141407
1899570180
1908820988
1915421006
1909947410
1917411097
1917674846
1920280854
1924619150
1927399213
1926168157
1927465446
1932656555
1930793658
1940030774
1935544052
1940455289
1945277316
1952154226
1952104108
1955204823
1953198439
1956370655
1958037042
1957779259
1958165753
1958475937
1969270933
1962033334
1973535638
1973188850
1973775834
1977179474
1976059383
1982002319
1985609529
1985056354
1987801300
1988970966
1988947820
1994665434
1996168651
1994678809
1997315089
1997313761
1999860651
2002549559
2000053904
2009391085
2006758418
2009703810
2011182740
2011493939
2011632065
2016435014
2013348281
2016908300
2025635084
2034603993
2039036524
2042535354
2044292994
2046398957
2044903258
2047702129
2048083275
2050217428
2049429256
2055217035
2056358811
2057849221
2061471550
2061531555
2062676413
2067820912
2065371271
2069697130
2072393122
2071377353
2073465678
2076257456
2078641307
2079105957
2080511220
2081675928
2083940209
2085067520
2086763103
2087885804
2087440872
2094648352
2089370562
2108307775
2111173833
2108545231
2112095836
2112359117
2114276978
2113360313
2121863316
2121558520
2124145048
2124153287
2130373089
2127479179
2130484508
2131995569
2133063522
2135363592
2134595211
2135365176
2139798371
2137333215
2145634744
2141616913
2146827691
